1
-0.382683
-0.707107
0.92388
3.06162e-16
-0.92388
0.707107
0.382683
-1
0.382683
0.707107
-0.92388
-2.69484e-15
0.92388
-0.707107
-0.382683
1
-0.382683
-0.707107
0.92388
-2.45548e-16
-0.92388
0.707107
0.382683
-1
0.382683
0.707107
-0.92388
-3.91949e-15
0.92388
-0.707107
-0.382683
1
-0.382683
-0.707107
0.92388
9.79098e-16
-0.92388
0.707107
0.382683
-1
0.382683
0.707107
-0.92388
1.96129e-15
0.92388
-0.707107
-0.382683
1
-0.382683
-0.707107
0.92388
9.30917e-15
-0.92388
0.707107
0.382683
-1
0.382683
0.707107
-0.92388
-6.36878e-15
0.92388
-0.707107
-0.382683
1
-0.382683
-0.707107
0.92388
3.06162e-16
-0.92388
0.707107
0.382683
-1
0.382683
0.707107
-0.92388
-2.69484e-15
0.92388
-0.707107
-0.382683
1
-0.382683
-0.707107
0.92388
-2.45548e-16
-0.92388
0.707107
0.382683
-1
0.382683
0.707107
-0.92388
-3.91949e-15
0.92388
-0.707107
-0.382683
1
-0.382683
-0.707107
0.92388
9.79098e-16
-0.92388
0.707107
0.382683
-1
0.382683
0.707107
-0.92388
1.96129e-15
0.92388
-0.707107
-0.382683
1
-0.382683
-0.707107
0.92388
9.30917e-15
-0.92388
0.707107
0.382683
-1
0.382683
0.707107
-0.92388
-6.36878e-15
0.92388
-0.707107
-0.382683
1
-0.382683
-0.707107
0.92388
3.06162e-16
-0.92388
0.707107
0.382683
-1
0.382683
0.707107
-0.92388
-2.69484e-15
0.92388
-0.707107
-0.382683
1
-0.382683
-0.707107
0.92388
-2.45548e-16
-0.92388
0.707107
0.382683
-1
0.382683
0.707107
-0.92388
-3.91949e-15
0.92388
-0.707107
-0.382683
1
-0.382683
-0.707107
0.92388
9.79098e-16
-0.92388
0.707107
0.382683
-1
0.382683
0.707107
-0.92388
1.96129e-15
0.92388
-0.707107
-0.382683
1
-0.382683
-0.707107
0.92388
9.30917e-15
-0.92388
0.707107
0.382683
-1
0.382683
0.707107
-0.92388
-6.36878e-15
0.92388
-0.707107
-0.382683
1
-0.382683
-0.707107
0.92388
3.06162e-16
-0.92388
0.707107
0.382683
-1
0.382683
0.707107
-0.92388
-2.69484e-15
0.92388
-0.707107
-0.382683
1
-0.382683
-0.707107
0.92388
-2.45548e-16
-0.92388
0.707107
0.382683
-1
0.382683
0.707107
-0.92388
-3.91949e-15
0.92388
-0.707107
-0.382683
1
-0.382683
-0.707107
0.92388
9.79098e-16
-0.92388
0.707107
0.382683
-1
0.382683
0.707107
-0.92388
1.96129e-15
0.92388
-0.707107
-0.382683
1
-0.382683
-0.707107
0.92388
9.30917e-15
-0.92388
0.707107
0.382683
-1
0.382683
0.707107
-0.92388
-6.36878e-15
0.92388
-0.707107
-0.382683
